{
  "advancedEditorSelectedIdentifier" : "ProjectBrowser",
  "openSceneRelativePaths" : [
    "Immersive.usda",
    "Solar System.usda"
  ],
  "recentIdentifiers" : {
    "651E7789-64FB-4541-B5B7-4315B5DEE4CE" : [

    ],
    "AF09ED6F-1707-48FD-8720-65B998362C09" : [

    ]
  },
  "sceneCameraHistory" : {
    "651E7789-64FB-4541-B5B7-4315B5DEE4CE" : [
      {
        "date" : 716080125.75987697,
        "title" : "Untitled",
        "transform" : [
          0.72556149959564209,
          -3.2598244104065088e-08,
          -0.68815743923187256,
          0,
          -0.13665801286697388,
          0.98008358478546143,
          -0.14408594369888306,
          0,
          0.67445170879364014,
          0.19858542084693909,
          0.71111083030700684,
          0,
          1.6515098810195923,
          1.2148960828781128,
          1.306856632232666,
          1
        ]
      },
      {
        "date" : 716080074.47612906,
        "title" : "Untitled",
        "transform" : [
          0.72556149959564209,
          -3.2598244104065088e-08,
          -0.68815743923187256,
          0,
          -0.13665801286697388,
          0.98008358478546143,
          -0.14408594369888306,
          0,
          0.67445170879364014,
          0.19858542084693909,
          0.71111083030700684,
          0,
          2.6331548690795898,
          1.503931999206543,
          2.3418533802032471,
          1
        ]
      },
      {
        "date" : 716080067.01003301,
        "title" : "Untitled",
        "transform" : [
          0.72556149959564209,
          -3.2598244104065088e-08,
          -0.68815743923187256,
          0,
          -0.13665801286697388,
          0.98008358478546143,
          -0.14408594369888306,
          0,
          0.67445170879364014,
          0.19858542084693909,
          0.71111083030700684,
          0,
          2.6982889175415039,
          1.3923549652099609,
          2.3112363815307617,
          1
        ]
      },
      {
        "date" : 716080049.361673,
        "title" : "Untitled",
        "transform" : [
          -0.43539902567863464,
          -2.983775360121399e-08,
          -0.9002375602722168,
          0,
          -0.44956657290458679,
          0.8663792610168457,
          0.2174324244260788,
          0,
          0.77994710206985474,
          0.49938660860061646,
          -0.37722069025039673,
          0,
          4.7788362503051758,
          2.9117372035980225,
          -1.2290221452713013,
          1
        ]
      },
      {
        "date" : 716080026.36315596,
        "title" : "Untitled",
        "transform" : [
          -0.43539902567863464,
          -2.983775360121399e-08,
          -0.9002375602722168,
          0,
          -0.44956657290458679,
          0.8663792610168457,
          0.2174324244260788,
          0,
          0.77994710206985474,
          0.49938660860061646,
          -0.37722069025039673,
          0,
          70.170494079589844,
          44.938385009765625,
          -17.489038467407227,
          1
        ]
      },
      {
        "date" : 716080020.896451,
        "title" : "Untitled",
        "transform" : [
          -0.43539902567863464,
          -2.983775360121399e-08,
          -0.9002375602722168,
          0,
          -0.44956657290458679,
          0.8663792610168457,
          0.2174324244260788,
          0,
          0.77994710206985474,
          0.49938660860061646,
          -0.37722069025039673,
          0,
          194.02908325195312,
          350.70785522460938,
          -315.49462890625,
          1
        ]
      },
      {
        "date" : 716079993.97798002,
        "title" : "Untitled",
        "transform" : [
          -0.42700099945068359,
          -2.983775360121399e-08,
          -0.90425115823745728,
          0,
          -0.45157092809677124,
          0.8663792610168457,
          0.21323856711387634,
          0,
          0.78342443704605103,
          0.49938660860061646,
          -0.36994481086730957,
          0,
          1.63250732421875,
          1.1397750377655029,
          -0.76662075519561768,
          1
        ]
      },
      {
        "date" : 716079959.22771096,
        "title" : "Untitled",
        "transform" : [
          -0.42700099945068359,
          -2.983775360121399e-08,
          -0.90425115823745728,
          0,
          -0.45157092809677124,
          0.8663792610168457,
          0.21323856711387634,
          0,
          0.78342443704605103,
          0.49938660860061646,
          -0.36994481086730957,
          0,
          0.97518301010131836,
          0.59852612018585205,
          -0.45123666524887085,
          1
        ]
      },
      {
        "date" : 716079944.89387798,
        "title" : "Untitled",
        "transform" : [
          -0.42700099945068359,
          -2.983775360121399e-08,
          -0.90425115823745728,
          0,
          -0.45157092809677124,
          0.8663792610168457,
          0.21323856711387634,
          0,
          0.78342443704605103,
          0.49938660860061646,
          -0.36994481086730957,
          0,
          0.12047219276428223,
          0.053699493408203125,
          -0.047628737986087799,
          1
        ]
      },
      {
        "date" : 716079942.04472303,
        "title" : "Untitled",
        "transform" : [
          -0.42700091004371643,
          -2.7271969571529553e-08,
          -0.90425121784210205,
          0,
          -0.24837778508663177,
          0.9615362286567688,
          0.11728773266077042,
          0,
          0.86947035789489746,
          0.2746778130531311,
          -0.41057693958282471,
          0,
          0.24336123466491699,
          0.076881229877471924,
          -0.11491880565881729,
          1
        ]
      }
    ],
    "AF09ED6F-1707-48FD-8720-65B998362C09" : [
      {
        "date" : 716079845.14499605,
        "title" : "Untitled",
        "transform" : [
          0.99837279319763184,
          -7.2224128899733842e-09,
          -0.057024739682674408,
          0,
          -0.050552926957607269,
          0.46271169185638428,
          -0.88506633043289185,
          0,
          0.026386024430394173,
          0.88650882244110107,
          0.46195870637893677,
          0,
          -3.1024291515350342,
          80.443557739257812,
          40.856761932373047,
          1
        ]
      },
      {
        "date" : 716078964.40073705,
        "title" : "Untitled",
        "transform" : [
          0.99837279319763184,
          -7.2224128899733842e-09,
          -0.057024739682674408,
          0,
          -0.050552926957607269,
          0.46271169185638428,
          -0.88506633043289185,
          0,
          0.026386024430394173,
          0.88650882244110107,
          0.46195870637893677,
          0,
          -7.5249419212341309,
          195.11585998535156,
          99.098068237304688,
          1
        ]
      },
      {
        "date" : 716078949.33084095,
        "title" : "Untitled",
        "transform" : [
          0.99837279319763184,
          -7.2224128899733842e-09,
          -0.057024739682674408,
          0,
          -0.050552926957607269,
          0.46271169185638428,
          -0.88506633043289185,
          0,
          0.026386024430394173,
          0.88650882244110107,
          0.46195870637893677,
          0,
          -7.5249419212341309,
          195.11585998535156,
          99.098068237304688,
          1
        ]
      },
      {
        "date" : 716078873.93043101,
        "title" : "Untitled",
        "transform" : [
          0.99837279319763184,
          -7.2224128899733842e-09,
          -0.057024739682674408,
          0,
          -0.050552926957607269,
          0.46271169185638428,
          -0.88506633043289185,
          0,
          0.026386024430394173,
          0.88650882244110107,
          0.46195870637893677,
          0,
          -0.041536517441272736,
          1.0770094394683838,
          0.54700601100921631,
          1
        ]
      },
      {
        "date" : 716078783.58177996,
        "title" : "Untitled",
        "transform" : [
          0.99837279319763184,
          -7.2224128899733842e-09,
          -0.057024739682674408,
          0,
          -0.050552926957607269,
          0.46271169185638428,
          -0.88506633043289185,
          0,
          0.026386024430394173,
          0.88650882244110107,
          0.46195870637893677,
          0,
          -0.067145884037017822,
          1.7410403490066528,
          0.88426291942596436,
          1
        ]
      },
      {
        "date" : 716078779.38096905,
        "title" : "Untitled",
        "transform" : [
          0.99837279319763184,
          -7.2224128899733842e-09,
          -0.057024739682674408,
          0,
          -0.050552926957607269,
          0.46271169185638428,
          -0.88506633043289185,
          0,
          0.026386024430394173,
          0.88650882244110107,
          0.46195870637893677,
          0,
          -0.10031387954950333,
          2.6010603904724121,
          1.3210614919662476,
          1
        ]
      },
      {
        "date" : 716078774.86619198,
        "title" : "Untitled",
        "transform" : [
          0.99837279319763184,
          -7.2224128899733842e-09,
          -0.057024739682674408,
          0,
          -0.050552926957607269,
          0.46271169185638428,
          -0.88506633043289185,
          0,
          0.026386024430394173,
          0.88650882244110107,
          0.46195870637893677,
          0,
          -0.52703255414962769,
          13.665542602539062,
          6.9406390190124512,
          1
        ]
      },
      {
        "date" : 716078760.23159599,
        "title" : "Untitled",
        "transform" : [
          0.99837279319763184,
          -7.2224128899733842e-09,
          -0.057024739682674408,
          0,
          -0.050552926957607269,
          0.46271169185638428,
          -0.88506633043289185,
          0,
          0.026386024430394173,
          0.88650882244110107,
          0.46195870637893677,
          0,
          -0.015056122094392776,
          0.39039352536201477,
          0.19827829301357269,
          1
        ]
      },
      {
        "date" : 716078718.96417797,
        "title" : "Untitled",
        "transform" : [
          0.99837279319763184,
          -7.2224128899733842e-09,
          -0.057024739682674408,
          0,
          -0.050552926957607269,
          0.46271169185638428,
          -0.88506633043289185,
          0,
          0.026386024430394173,
          0.88650882244110107,
          0.46195870637893677,
          0,
          -0.04150531068444252,
          1.0762003660202026,
          0.54659509658813477,
          1
        ]
      },
      {
        "date" : 716078672.43186998,
        "title" : "Untitled",
        "transform" : [
          0.99837279319763184,
          -7.2224128899733842e-09,
          -0.057024739682674408,
          0,
          -0.050552926957607269,
          0.46271169185638428,
          -0.88506633043289185,
          0,
          0.026386024430394173,
          0.88650882244110107,
          0.46195870637893677,
          0,
          -0.048685647547245026,
          1.6952251195907593,
          0.50652629137039185,
          1
        ]
      }
    ]
  },
  "selectedSceneRelativePath" : "Solar System.usda"
}